writing frame 0 info



-------------------------------------------

[9.99989490e-01 9.93055001e-01 2.41192079e-01 1.29499354e-01
 4.36995941e-04 1.75488917e-05 1.17812165e-05 1.00155729e-05
 1.00036249e-05 1.00450829e-05 1.00284925e-05]

0.9999894902852027,0.9930550008934397,0.24119207513009633,0.12949935304692106,0.0004369959402427681,7.548891695685621e-6,1.7812164779991886e-6,1.5572917992183e-8,3.624948526533463e-9,4.508292147005951e-8,2.849246438785258e-8

-------------------------------------------

[9.93055001e-01 9.99989490e-01 9.93965900e-01 9.71596096e-01
 9.15646932e-02 9.49126949e-04 6.95515469e-05 1.05481554e-05
 1.00927264e-05 1.04995109e-05 1.02202552e-05]

0.9930550008934397,0.9999894902852027,0.9939659002984976,0.9715960967612596,0.0915646952803411,0.0009491269557136601,0.00006955154732252167,5.481554439616213e-7,9.272641543489613e-8,4.995108957757861e-7,2.2025521963694078e-7

-------------------------------------------

[2.41192079e-01 9.93965900e-01 9.99989490e-01 9.93318350e-01
 5.93022973e-01 5.91739120e-03 9.80084849e-05 1.11741290e-05
 1.02769100e-05 1.04395991e-05 1.00900302e-05]

0.24119207513009633,0.9939659002984976,0.9999894902852027,0.9933183494617084,0.5930229698524437,0.005917391092054839,0.00009800848189687553,1.1741289515273163e-6,2.7690999524857907e-7,4.3959905502803187e-7,9.003016843145417e-8

-------------------------------------------

[1.29499354e-01 9.71596096e-01 9.93318350e-01 9.99989490e-01
 9.94624846e-01 5.56566246e-01 5.10455931e-02 4.57363152e-04
 4.80102551e-05 2.30969257e-05 1.65348274e-05]

0.12949935304692106,0.9715960967612596,0.9933183494617084,0.9999894902852027,0.9946248459168635,0.5565662450710861,0.05104559231170711,0.000457363139843403,0.00004801025517201888,0.000023096925722498884,0.00001653482738319297

-------------------------------------------

[4.36995941e-04 9.15646932e-02 5.93022973e-01 9.94624846e-01
 9.99989490e-01 9.93310309e-01 4.69649023e-01 1.16217786e-02
 9.65220664e-04 2.19241358e-04 7.65627342e-05]

0.0004369959402427681,0.0915646952803411,0.5930229698524437,0.9946248459168635,0.9999894902852027,0.9933103084649149,0.4696490183232096,0.011621778171923168,0.0009652206384314631,0.0002192413510444894,0.00007656273341357285

-------------------------------------------

[1.75488917e-05 9.49126949e-04 5.91739120e-03 5.56566246e-01
 9.93310309e-01 9.99989490e-01 9.87695717e-01 5.77205375e-01
 7.65678279e-02 5.57840792e-03 3.44404558e-03]

7.548891695685621e-6,0.0009491269557136601,0.005917391092054839,0.5565662450710861,0.9933103084649149,0.9999894902852027,0.9876957175742153,0.5772053773283943,0.07656782813435072,0.005578407916892902,0.003444045660994876

-------------------------------------------

[1.17812165e-05 6.95515469e-05 9.80084849e-05 5.10455931e-02
 4.69649023e-01 9.87695717e-01 9.99989490e-01 9.94762222e-01
 5.87202137e-01 8.95847928e-02 3.88096869e-01]

1.7812164779991886e-6,0.00006955154732252167,0.00009800848189687553,0.05104559231170711,0.4696490183232096,0.9876957175742153,0.9999894902852027,0.9947622223088441,0.5872021339759643,0.08958479201705462,0.38809687266572157

-------------------------------------------

[1.00155729e-05 1.05481554e-05 1.11741290e-05 4.57363152e-04
 1.16217786e-02 5.77205375e-01 9.94762222e-01 9.99989490e-01
 9.96112431e-01 7.38366185e-01 9.18651857e-01]

1.5572917992183e-8,5.481554439616213e-7,1.1741289515273163e-6,0.000457363139843403,0.011621778171923168,0.5772053773283943,0.9947622223088441,0.9999894902852027,0.9961124313559186,0.7383661828273328,0.9186518593460782

-------------------------------------------

[1.00036249e-05 1.00927264e-05 1.02769100e-05 4.80102551e-05
 9.65220664e-04 7.65678279e-02 5.87202137e-01 9.96112431e-01
 9.99989490e-01 9.94512345e-01 9.66617539e-01]

3.624948526533463e-9,9.272641543489613e-8,2.7690999524857907e-7,0.00004801025517201888,0.0009652206384314631,0.07656782813435072,0.5872021339759643,0.9961124313559186,0.9999894902852027,0.9945123445133301,0.9666175394900995

-------------------------------------------

[1.00450829e-05 1.04995109e-05 1.04395991e-05 2.30969257e-05
 2.19241358e-04 5.57840792e-03 8.95847928e-02 7.38366185e-01
 9.94512345e-01 9.99989490e-01 9.94156583e-01]

4.508292147005951e-8,4.995108957757861e-7,4.3959905502803187e-7,0.000023096925722498884,0.0002192413510444894,0.005578407916892902,0.08958479201705462,0.7383661828273328,0.9945123445133301,0.9999894902852027,0.9941565828839997

-------------------------------------------

[1.00284925e-05 1.02202552e-05 1.00900302e-05 1.65348274e-05
 7.65627342e-05 3.44404558e-03 3.88096869e-01 9.18651857e-01
 9.66617539e-01 9.94156583e-01 9.99989490e-01]

2.849246438785258e-8,2.2025521963694078e-7,9.003016843145417e-8,0.00001653482738319297,0.00007656273341357285,0.003444045660994876,0.38809687266572157,0.9186518593460782,0.9666175394900995,0.9941565828839997,0.9999894902852027

-------------------------------------------

writing frame 15 info



-------------------------------------------

[9.99989490e-01 9.94248521e-01 4.96008279e-01 8.76559240e-03
 2.75505748e-05 1.00758819e-05 1.00112475e-05 1.00014899e-05
 1.00000269e-05 1.00000061e-05 1.00000153e-05]

0.9999894902852027,0.9942485209975206,0.4960082791242539,0.008765592539017947,0.00002755057511375873,7.588193171962723e-8,1.1247477375390483e-8,1.489930586314377e-9,2.6869210560202344e-11,6.124360278173905e-12,1.5317376996411742e-11

-------------------------------------------

[9.94248521e-01 9.99989490e-01 9.93706145e-01 3.71840596e-01
 2.69238604e-03 1.59480152e-05 1.01075248e-05 1.00305043e-05
 1.00003590e-05 1.00000253e-05 1.00000263e-05]

0.9942485209975206,0.9999894902852027,0.9937061451933754,0.3718405953994958,0.0026923861088306023,5.9480152232079435e-6,1.0752475378591106e-7,3.050432090256905e-8,3.590358751045149e-10,2.5285625445311173e-11,2.634022629640261e-11

-------------------------------------------

[4.96008279e-01 9.93706145e-01 9.99989490e-01 9.95055206e-01
 4.18464814e-01 1.89343253e-03 1.46372933e-05 1.29817903e-05
 1.00505868e-05 1.00018388e-05 1.00005069e-05]

0.4960082791242539,0.9937061451933754,0.9999894902852027,0.9950552059723118,0.4184648139098223,0.0018934325096805482,0.000014637293342778523,2.9817902888288708e-6,5.0586790256712526e-8,1.8387653806980115e-9,5.068955440575469e-10

-------------------------------------------

[8.76559240e-03 3.71840596e-01 9.95055206e-01 9.99989490e-01
 9.93966681e-01 3.17089227e-01 7.50612291e-04 5.92600231e-05
 1.23506330e-05 1.00398122e-05 1.00046975e-05]

0.008765592539017947,0.3718405953994958,0.9950552059723118,0.9999894902852027,0.9939666814655975,0.3170892311461269,0.0007506123406541738,0.000059260022619689316,2.3506329758782307e-6,3.981218247665434e-8,4.697529550531006e-9

-------------------------------------------

[2.75505748e-05 2.69238604e-03 4.18464814e-01 9.93966681e-01
 9.99989490e-01 9.93704617e-01 5.10568425e-02 1.95143300e-03
 3.80272968e-05 1.02480631e-05 1.00499483e-05]

0.00002755057511375873,0.0026923861088306023,0.4184648139098223,0.9939666814655975,0.9999894902852027,0.9937046168201328,0.05105684508327712,0.0019514330241344375,0.00003802729727218438,2.4806315105744636e-7,4.994833728103979e-8

-------------------------------------------

[1.00758819e-05 1.59480152e-05 1.89343253e-03 3.17089227e-01
 9.93704617e-01 9.99989490e-01 3.22184405e-01 8.47376715e-02
 4.31155176e-03 1.45613460e-05 1.23005539e-05]

7.588193171962723e-8,5.9480152232079435e-6,0.0018934325096805482,0.3170892311461269,0.9937046168201328,0.9999894902852027,0.3221844047919766,0.08473767007449969,0.004311551529497156,0.000014561345408503621,2.300553783566676e-6

-------------------------------------------

[1.00112475e-05 1.01075248e-05 1.46372933e-05 7.50612291e-04
 5.10568425e-02 3.22184405e-01 9.99989490e-01 9.95439146e-01
 7.67552265e-01 2.91541772e-01 3.42170210e-01]

1.1247477375390483e-8,1.0752475378591106e-7,0.000014637293342778523,0.0007506123406541738,0.05105684508327712,0.3221844047919766,0.9999894902852027,0.9954391459532085,0.7675522614477956,0.29154177203060755,0.3421702132276736

-------------------------------------------

[1.00014899e-05 1.00305043e-05 1.29817903e-05 5.92600231e-05
 1.95143300e-03 8.47376715e-02 9.95439146e-01 9.99989490e-01
 9.93511899e-01 3.84085281e-01 2.40179819e-01]

1.489930586314377e-9,3.050432090256905e-8,2.9817902888288708e-6,0.000059260022619689316,0.0019514330241344375,0.08473767007449969,0.9954391459532085,0.9999894902852027,0.9935118986194797,0.38408528123140717,0.24017981750962292

-------------------------------------------

[1.00000269e-05 1.00003590e-05 1.00505868e-05 1.23506330e-05
 3.80272968e-05 4.31155176e-03 7.67552265e-01 9.93511899e-01
 9.99989490e-01 9.93628006e-01 8.29529475e-01]

2.6869210560202344e-11,3.590358751045149e-10,5.0586790256712526e-8,2.3506329758782307e-6,0.00003802729727218438,0.004311551529497156,0.7675522614477956,0.9935118986194797,0.9999894902852027,0.9936280058459099,0.8295294760742135

-------------------------------------------

[1.00000061e-05 1.00000253e-05 1.00018388e-05 1.00398122e-05
 1.02480631e-05 1.45613460e-05 2.91541772e-01 3.84085281e-01
 9.93628006e-01 9.99989490e-01 9.95488980e-01]

6.124360278173905e-12,2.5285625445311173e-11,1.8387653806980115e-9,3.981218247665434e-8,2.4806315105744636e-7,0.000014561345408503621,0.29154177203060755,0.38408528123140717,0.9936280058459099,0.9999894902852027,0.9954889805256264

-------------------------------------------

[1.00000153e-05 1.00000263e-05 1.00005069e-05 1.00046975e-05
 1.00499483e-05 1.23005539e-05 3.42170210e-01 2.40179819e-01
 8.29529475e-01 9.95488980e-01 9.99989490e-01]

1.5317376996411742e-11,2.634022629640261e-11,5.068955440575469e-10,4.697529550531006e-9,4.994833728103979e-8,2.300553783566676e-6,0.3421702132276736,0.24017981750962292,0.8295294760742135,0.9954889805256264,0.9999894902852027

-------------------------------------------

writing diffs info



-------------------------------------------

[ 0.00000000e+00  1.20114535e-03  7.20998996e-01 -2.69284179e+00
 -2.76390051e+00 -5.54846156e-01 -1.62797230e-01 -1.40709852e-03
 -3.59742255e-04 -4.49754784e-03 -2.84366326e-03]

0,0.0012011454057519618,0.7209990100663406,-2.6928417664079136,-2.763900494336535,-4.599977433891723,-5.064907954263237,-2.3468038469677155,-4.9046143253853245,-8.903984465803143,-7.5284069885310005

-------------------------------------------

[ 1.20114535e-03  0.00000000e+00 -2.61366320e-04 -9.60474921e-01
 -3.52661795e+00 -4.08620818e+00 -1.92878799e+00 -5.03201237e-02
 -9.19401163e-03 -4.87410538e-02 -2.17838302e-02]

0.0012011454057519618,0,-0.0002613661616764224,-0.9604749243418212,-3.526617944941164,-5.072484980097829,-6.472102355895952,-2.888690561073326,-5.553986352960613,-9.891148620147701,-9.031444954572265

-------------------------------------------

[ 7.20998996e-01 -2.61366320e-04  0.00000000e+00  1.74701273e-03
 -3.48640329e-01 -1.13950434e+00 -1.90148145e+00  1.49946437e-01
 -2.22686110e-02 -4.28372251e-02 -8.91204314e-03]

0.7209990100663406,-0.0002613661616764224,0,0.0017470127256570666,-0.34864032352738483,-1.1395043332855623,-1.9014814144106338,0.9319973333567239,-1.700002046396252,-5.476768715253282,-5.179595143073067

-------------------------------------------

[-2.69284179e+00 -9.60474921e-01  1.74701273e-03  0.00000000e+00
 -6.61940490e-04 -5.62602996e-01 -4.21958523e+00 -2.04354279e+00
 -1.35770732e+00 -8.33141116e-01 -5.02414174e-01]

-2.6928417664079136,-0.9604749243418212,0.0017470127256570666,0,-0.0006619403394164025,-0.5626029818602684,-4.219585151633771,-2.043542768230818,-3.016729994180138,-6.363281844215174,-8.166187442902253

-------------------------------------------

[-2.76390051e+00 -3.52661795e+00 -3.48640329e-01 -6.61940490e-04
  0.00000000e+00  3.96884959e-04 -2.21904609e+00 -1.78431683e+00
 -3.23405250e+00 -3.06308449e+00 -2.03054297e+00]

-2.763900494336535,-3.526617944941164,-0.34864032352738483,-0.0006619403394164025,0,0.0003968851520703447,-2.219046024723363,-1.7843167797079895,-3.2340524649612115,-6.7842451064306255,-7.3348765115099654

-------------------------------------------

[-5.54846156e-01 -4.08620818e+00 -1.13950434e+00 -5.62602996e-01
  3.96884959e-04  0.00000000e+00 -1.12025060e+00 -1.91863787e+00
 -2.87687911e+00 -5.94828821e+00 -5.63475781e+00]

-4.599977433891723,-5.072484980097829,-1.1395043332855623,-0.5626029818602684,0.0003968851520703447,0,-1.1202506048371959,-1.9186378932572234,-2.8768791672973824,-5.9482882521810385,-7.311252254171211

-------------------------------------------

[-1.62797230e-01 -1.92878799e+00 -1.90148145e+00 -4.21958523e+00
 -2.21904609e+00 -1.12025060e+00  0.00000000e+00  6.80256466e-04
  2.67837459e-01  1.17999771e+00 -1.25946668e-01]

-5.064907954263237,-6.472102355895952,-1.9014814144106338,-4.219585151633771,-2.219046024723363,-1.1202506048371959,0,0.0006802564617461612,0.2678374587857583,1.1799977221782987,-0.12594666753191033

-------------------------------------------

[-1.40709852e-03 -5.03201237e-02  1.49946437e-01 -2.04354279e+00
 -1.78431683e+00 -1.91863787e+00  6.80256466e-04  0.00000000e+00
 -2.61409567e-03 -6.53575272e-01 -1.34151933e+00]

-2.3468038469677155,-2.888690561073326,0.9319973333567239,-2.043542768230818,-1.7843167797079895,-1.9186378932572234,0.0006802564617461612,0,-0.0026140957146066324,-0.6535752697651227,-1.3415193426365064

-------------------------------------------

[-3.59742255e-04 -9.19401163e-03 -2.22686110e-02 -1.35770732e+00
 -3.23405250e+00 -2.87687911e+00  2.67837459e-01 -2.61409567e-03
  0.00000000e+00 -8.89614113e-04 -1.52944262e-01]

-4.9046143253853245,-5.553986352960613,-1.700002046396252,-3.016729994180138,-3.2340524649612115,-2.8768791672973824,0.2678374587857583,-0.0026140957146066324,0,-0.000889613980807217,-0.15294426104981942

-------------------------------------------

[-4.49754784e-03 -4.87410538e-02 -4.28372251e-02 -8.33141116e-01
 -3.06308449e+00 -5.94828821e+00  1.17999771e+00 -6.53575272e-01
 -8.89614113e-04  0.00000000e+00  1.33933168e-03]

-8.903984465803143,-9.891148620147701,-5.476768715253282,-6.363281844215174,-6.7842451064306255,-5.9482882521810385,1.1799977221782987,-0.6535752697651227,-0.000889613980807217,0,0.0013393318541779192

-------------------------------------------

[-2.84366326e-03 -2.17838302e-02 -8.91204314e-03 -5.02414174e-01
 -2.03054297e+00 -5.63475781e+00 -1.25946668e-01 -1.34151933e+00
 -1.52944262e-01  1.33933168e-03  0.00000000e+00]

-7.5284069885310005,-9.031444954572265,-5.179595143073067,-8.166187442902253,-7.3348765115099654,-7.311252254171211,-0.12594666753191033,-1.3415193426365064,-0.15294426104981942,0.0013393318541779192,0

-------------------------------------------

